"year","ModNegExp","samp.depth","Spline","AgeDepSpline","RCS","SFRCS","EPS"
1691,0.602479162029776,1,0.975307562832421,1.01463669419785,0.743307086614173,0.508145001382487,NA
1692,0.747794315234264,1,1.22499165221324,1.21529282074331,0.803301237964236,0.633821682583394,NA
1693,0.68850597420297,1,1.14154913889145,1.08090428890539,0.741355463347165,0.568595635591676,NA
1694,0.608223073374903,1,1.02049962161107,0.923341998825676,0.680115273775216,0.435452128068816,NA
1695,0.682554243113332,1,1.15795970100127,1.00297838006306,0.788059701492537,0.530230001591352,NA
1696,0.281711437415461,2,0.587849793738642,0.438008136845084,0.313622502389513,0.199036896843352,0.481926336117325
1697,0.428771002724462,2,0.825806655392936,0.632049387832644,0.450218971390037,0.297191772590427,0.481926336117325
1698,0.470099426101888,2,0.956740703959265,0.718825900235077,0.497441418772607,0.372414442534852,0.481926336117325
1699,0.609663662263863,2,1.20839910428904,0.92388632315151,0.622603006464678,0.424731919934661,0.481926336117325
1700,0.544622253788165,2,1.05561602388601,0.82844067964133,0.607795147485322,0.439570619043051,0.481926336117325
1701,0.713723750153695,3,1.05783103005729,0.688448070426819,0.659569301891778,0.445156787753504,0.742268063908371
1702,0.703177936794949,3,1.10104511177054,0.831290021487857,0.744173095239425,0.460029636894658,0.742268063908371
1703,0.749414974782903,4,1.04163844752441,0.862120369444439,0.835335909335132,0.616061126539586,0.798662797889815
1704,0.694145887942638,4,0.99133412683017,0.76196013138116,0.792892203739955,0.593155681424805,0.798662797889815
1705,0.713378105744879,4,1.08517800135924,0.933166255837454,0.91599593643202,0.702151429300603,0.798662797889815
1706,0.767966219546919,4,1.05912455431147,0.917016303704109,0.943389108525415,0.672295511671911,0.798662797889815
1707,0.582393403668991,4,0.730909622451427,0.662885655688537,0.691411168152883,0.48916528419666,0.798662797889815
1708,0.572472796375253,4,0.746682323377417,0.739400723798437,0.743817199665289,0.557032864531032,0.798662797889815
1709,0.932331848330575,4,1.02643608434563,1.02669531696493,0.987968744334183,0.762704886411573,0.798662797889815
1710,0.805791719312686,4,0.898247059572652,0.852104512513996,0.853620684290425,0.733380527488983,0.798662797889815
1711,0.985527921769395,4,0.907027168697227,0.963225876394256,0.766861425191748,0.714115715706732,0.798662797889815
1712,0.914824374911949,4,0.842988244211845,0.921362008652466,0.926058670751719,0.764025971269217,0.798662797889815
1713,0.96710302587669,4,0.86536004451371,0.978195663207262,0.903438318627049,0.775419702062879,0.798662797889815
1714,0.968289493619517,4,0.884956684427533,1.08256903255052,0.953855352453258,0.831465569741346,0.798662797889815
1715,1.13591920579663,4,1.00815174369075,1.24729180664835,1.21891077342909,0.99548240912199,0.798662797889815
1716,0.774368328865241,4,0.654291372079351,0.837906053068508,0.811344017151315,0.687817353229573,0.798662797889815
1717,0.994567707731123,4,0.820937856390261,1.08181889855548,1.01441668219358,0.93687434029563,0.798662797889815
1718,1.61431959597094,4,1.3833746648136,1.63411717053947,1.49961275813287,1.44308252892586,0.798662797889815
1719,1.53745318309077,4,1.25088782245731,1.61668363183412,1.48454706746342,1.3720508579757,0.798662797889815
1720,2.40331886694407,4,1.94086556682152,2.48996360206408,2.15961389713997,1.98221727832012,0.798662797889815
1721,1.74115521632147,4,1.31848158152804,1.60292864782642,1.61078952374302,1.63917062950074,0.798662797889815
1722,1.61380858873942,4,1.36850476133216,1.62548335675703,1.44510880998921,1.55631902420361,0.798662797889815
1723,1.02350878163949,4,1.00165497893001,1.09957166548297,0.859609787876443,1.02249696284856,0.798662797889815
1724,0.639070062622133,5,0.687521043308197,0.774967582759345,0.735364468092073,0.634678552708808,0.85460265604706
1725,1.01178132483671,5,1.18303888285319,1.27574760658831,0.857874438441858,0.987798286301515,0.85460265604706
1726,0.816408347692791,5,1.05822738836208,0.968917879980179,1.02877494901641,0.885794804619582,0.85460265604706
1727,0.642948834061487,5,0.663190078039169,0.658667257864937,0.737429850791919,0.531602235054495,0.85460265604706
1728,0.568823939632184,5,0.489807493604657,0.481723864788983,0.557422939107683,0.567663006494444,0.85460265604706
1729,0.302361666048572,5,0.347645432726389,0.302504883495814,0.338150180739542,0.269024821405546,0.85460265604706
1730,0.717348352156976,5,0.847891209768035,0.764249382697735,0.817130806288867,0.60578963203494,0.85460265604706
1731,0.862793101327264,5,1.06236902158898,0.878490491750867,0.885831016164565,0.739379123112081,0.85460265604706
1732,0.948904381341446,5,1.2020124920347,0.959420339075675,0.965626190713331,0.841025023340882,0.85460265604706
1733,0.876293995609586,5,1.143067063586,0.91410995932727,0.917193230301419,0.838970933693622,0.85460265604706
1734,0.912813533534764,5,1.11059601921534,0.955126085374173,0.90062942727292,0.828715217129777,0.85460265604706
1735,0.128085442865364,5,0.14533510790658,0.122323586540459,0.138584273215596,0.100974901149117,0.85460265604706
1736,0.54148105089496,5,0.689055755980843,0.551854136518434,0.595182539758494,0.518785704371833,0.85460265604706
1737,0.891752537694355,5,1.0695269632299,0.876153094809011,0.966601906317564,0.82978996842612,0.85460265604706
1738,0.96903886915742,5,1.1306674261577,0.947886308327418,1.22016753267802,0.892737970525828,0.85460265604706
1739,0.731640882288234,5,1.09583212854063,0.836907952313038,0.90442496724062,0.746503134920879,0.85460265604706
1740,0.973623885888913,5,0.993092205248331,0.93609643501941,1.05216693627161,0.875927401949092,0.85460265604706
1741,0.910133815993004,5,1.03580375052778,0.856327015228652,0.930336131821176,0.856259764361582,0.85460265604706
1742,0.830233347926935,5,0.742572316352553,0.72081163265244,0.832546718691694,0.662303084762278,0.85460265604706
1743,1.10940241716698,5,1.14665606386282,1.07509587717138,1.0922316818116,1.03008643260362,0.85460265604706
1744,1.265074744962,5,1.20990499133765,1.13722265358691,1.18907075305015,1.04913336237086,0.85460265604706
1745,1.3684937653405,5,1.38418993382075,1.30908233215418,1.38209315538228,1.4252987465456,0.85460265604706
1746,1.51959151688397,5,1.51031140581556,1.45452765485032,1.28806572834687,1.17681720720899,0.85460265604706
1747,1.34871635868843,5,1.12007390148952,1.24950261317592,1.14966743167179,0.933274093944409,0.85460265604706
1748,0.20798949605285,5,0.149984757461304,0.188714463133048,0.221695215635863,0.174905743444289,0.85460265604706
1749,1.12204892034906,5,0.952690877309615,1.07417006140632,1.0612205201866,0.905968214931806,0.85460265604706
1750,0.933140535094522,5,0.776470300755418,0.882943199444115,0.965754929962852,0.855639292261683,0.85460265604706
1751,1.11751379017535,5,0.864973000296803,1.03784406104685,1.03814877168131,0.884907258222076,0.85460265604706
1752,1.08026386040741,5,0.82838542787222,1.00599962885477,1.09519209977651,0.908209467656825,0.85460265604706
1753,0.925857844544023,5,0.733622864632369,0.862391209924975,0.898204384894854,0.814219195327312,0.85460265604706
1754,1.52487879707872,5,1.28222982472699,1.43024098746441,1.45963831581187,1.31724675666087,0.85460265604706
1755,1.21145935789926,5,0.975157805287086,1.12917970321517,1.16992557862503,1.14436152100505,0.85460265604706
1756,1.10045398296213,5,0.935241022528625,1.08966120912729,1.09671915558127,0.833406899237891,0.85460265604706
1757,1.61294579545839,5,1.30725641386362,1.48824114222972,1.48061355138282,1.35954994618479,0.85460265604706
1758,1.627262378907,5,1.3088234351232,1.65657498599512,1.63187455963005,1.33798478869302,0.85460265604706
1759,1.5395436042921,5,1.21479316618948,1.39226007504604,1.42139929024182,1.11339152529536,0.85460265604706
1760,1.32435088372889,5,1.07385896613856,1.22044180555612,1.18325117048179,1.05684131366267,0.85460265604706
1761,1.12271009214875,5,0.933294109887376,1.05048698472992,0.963143284712169,0.786120843226269,0.85460265604706
1762,1.24257147838284,5,1.13947469271405,1.15255317147069,1.16556572684962,1.0349628598306,0.85460265604706
1763,0.477468362147561,5,0.408354150007124,0.441623651730925,0.417543508814872,0.307806340935913,0.85460265604706
1764,1.03708499316093,5,0.905204370916268,0.935536392807295,0.868902215228677,0.716780875990606,0.85460265604706
1765,1.15824419161114,5,1.00869321222231,1.0343758581604,0.962868061031454,0.829233431715794,0.85460265604706
1766,0.967574589820985,5,0.922013247475612,0.899463633488445,0.870274759099723,0.707233457620878,0.85460265604706
1767,0.982192865171954,5,0.996479853091149,0.932943412356004,0.874098881468957,0.777966312213783,0.85460265604706
1768,0.980256213993248,5,1.01864357238142,0.925633937551669,0.873246005465438,0.580371284761459,0.85460265604706
1769,0.742486678512583,5,0.805554164627509,0.696310250165019,0.651584344198616,0.566827053911549,0.85460265604706
1770,0.77804822820975,5,0.887203498821519,0.722910601575042,0.719784402860783,0.501858275676547,0.85460265604706
1771,1.01460502626411,5,1.1935649389135,0.969734542797413,0.807416801733137,0.521708574891759,0.85460265604706
1772,0.976663483898731,5,1.08060702858374,1.14128930289382,0.941839105511542,0.752693457841101,0.85460265604706
1773,0.670131314874665,5,0.714855875249349,0.618417458070851,0.587453475516628,0.513137314053065,0.85460265604706
1774,0.881729441111716,5,1.12184774445819,0.817247112611199,0.607080851997415,0.601174041567106,0.85460265604706
1775,1.04941804667257,5,1.22977167294739,1.00900271504409,0.948084565239068,0.895500770982614,0.85460265604706
1776,1.05297120106424,5,1.19170696229632,0.970119964929511,0.999541665174965,0.81396236521946,0.85460265604706
1777,0.907628211258255,5,1.09885894589628,0.854553794435797,0.997093684135567,0.76719159552169,0.85460265604706
1778,0.370625450168893,5,0.450119588553536,0.366138838243533,0.404245485338896,0.345743965511919,0.85460265604706
1779,0.768274208783287,5,0.881185455312786,0.752000676841132,0.749349018020459,0.580239167092075,0.85460265604706
1780,0.522591250143039,5,0.568449503510202,0.47837355758182,0.566769201370424,0.411076885187409,0.85460265604706
1781,0.38756248277144,5,0.42774655867587,0.357454441369276,0.393696644793774,0.293178625494995,0.85460265604706
1782,0.762915350901499,5,0.898028468813922,0.701949446339008,0.712306246330966,0.615426269295165,0.85460265604706
1783,1.08960105238044,5,1.25421244509181,1.02719743517909,1.01111809565702,0.859516762289466,0.85460265604706
1784,0.985793450935321,5,1.08387657791627,0.947326315441868,0.885759032472829,0.693192091255545,0.85460265604706
1785,0.571598091803556,5,0.646480405272821,0.539182877502761,0.529135043703967,0.400376710252707,0.85460265604706
1786,1.00616406808262,5,1.10960791474955,1.01813005194983,0.839663295780109,0.756589379677044,0.85460265604706
1787,1.39995612824074,5,1.43876946275998,1.36123184049165,1.41657570787466,1.05550464005117,0.85460265604706
1788,0.977873704991353,5,1.12050238249323,0.960945381732189,1.09208176119772,1.0201510853118,0.85460265604706
1789,1.14826567386398,5,1.12803586378923,1.12045123031803,1.17019392566437,0.89110723795865,0.85460265604706
1790,1.25122957347575,5,1.09021935214342,1.15561659739204,1.35152942261596,1.06816459606549,0.85460265604706
1791,1.28866555042761,5,1.14410195434853,1.20591234377624,1.17052290293072,1.01078216108999,0.85460265604706
1792,1.14738468746405,5,1.06691066203204,1.09104132789078,1.06419239982372,0.801829022832659,0.85460265604706
1793,1.43345366321008,5,1.35645431725748,1.34690873025173,1.2472916812345,1.13947535558415,0.85460265604706
1794,0.955741657577869,5,0.876352091534007,0.936345628451396,0.864079486892197,0.689838154867768,0.85460265604706
1795,1.14531184833782,6,0.979621303090801,1.08788578218761,1.21035374840995,0.919194962256354,0.890160401903421
1796,0.988909453887814,6,0.901096829494382,0.953290423518833,1.06458496264793,0.876073900087308,0.890160401903421
1797,0.984863692700042,6,0.94972421342167,1.00056552968102,1.07438980611013,0.885557556182606,0.890160401903421
1798,0.822872692096608,6,0.771864549443407,0.805390550956527,0.804085351171624,0.717528349314331,0.890160401903421
1799,1.21268220136169,6,1.07994975774772,1.15402686029731,1.24385625613371,1.02008959006154,0.890160401903421
1800,1.25757686635111,6,1.11442034231086,1.20387339717966,1.20838524803218,1.08310875734225,0.890160401903421
1801,0.961827085025246,6,0.9390294078669,0.945706277193156,0.922270616747958,0.759867331829856,0.890160401903421
1802,1.23740775897063,6,1.11643238422443,1.19388590873221,1.11882531719942,1.01906128111152,0.890160401903421
1803,0.849548746035796,6,0.757179396309546,0.808962575965933,0.806944725195821,0.697214557037224,0.890160401903421
1804,1.06205223951462,6,1.0335858277854,1.05068768719457,0.960075289847825,0.829905767384453,0.890160401903421
1805,1.13277530132775,6,0.91936055998017,1.06580929259432,0.996449060504549,0.865274070469249,0.890160401903421
1806,1.14356051952382,6,1.03463014416565,1.09156652591775,1.09543248007875,0.859209694013995,0.890160401903421
1807,1.02231591451428,6,0.986810921287451,1.00431911565849,0.916446838260966,0.811994880033757,0.890160401903421
1808,1.18014706140923,7,1.07481160375083,1.13627038814323,1.20600815199479,0.986379453793732,0.89601502477338
1809,1.42513601325476,7,1.30640223573216,1.36685002868775,1.33377240678464,1.0996678197238,0.89601502477338
1810,1.13895842452593,7,1.02864140276102,1.08739510659539,1.07419874456072,0.953439624855806,0.89601502477338
1811,0.93422449709436,7,0.846957450268287,0.893236853199884,0.9129393787147,0.921692420637818,0.89601502477338
1812,0.975234368432754,7,0.948460146516013,0.949685563551969,0.85919238855029,0.799903435270195,0.89601502477338
1813,0.910018588235086,7,0.954778602896219,0.900816358612542,0.79373861526515,0.747650653206569,0.89601502477338
1814,1.06766790343555,7,1.34960808029063,1.15359752069597,0.965424440234991,0.872602279071894,0.89601502477338
1815,1.09512847749893,7,1.19741009182516,1.09643480687191,0.962315904739569,0.772013486932119,0.89601502477338
1816,1.32522377127339,7,1.48471691473973,1.27018626004096,1.15004181820962,1.15598316446903,0.89601502477338
1817,1.36843912842003,7,1.27575210887299,1.13481395003898,1.00843280366259,0.919015872718044,0.89601502477338
1818,0.80490403552895,7,0.867246274018531,0.775667640173679,0.835361506618039,0.659512369742339,0.89601502477338
1819,0.403252949077372,7,0.405662466937574,0.375874562000024,0.43743314404095,0.305645339603127,0.89601502477338
1820,0.198402786314858,7,0.226937405572841,0.206014917749795,0.257956139506837,0.180699059849201,0.89601502477338
1821,0.66036019572604,7,0.864245202015688,0.701995029383623,0.814691496469737,0.818889293689351,0.89601502477338
1822,0.439790937487724,7,0.516072207053109,0.428663220393435,0.499405048410442,0.43256052047751,0.89601502477338
1823,0.630638401410816,7,0.649733837368399,0.615383746411925,0.646485216510038,0.600775824992984,0.89601502477338
1824,0.921851450726891,7,0.904531615015981,0.872106345736275,1.04964539837597,0.835934423180497,0.89601502477338
1825,1.10111025113531,7,1.14105838909084,1.08636573211,1.02771016346277,1.00517493240853,0.89601502477338
1826,1.21140571547699,7,1.20364134296401,1.19305257197527,1.1603662282274,1.24235790524459,0.89601502477338
1827,1.03618294332032,7,0.968235984239382,1.01198433633766,1.01741919080044,0.981340171089691,0.89601502477338
1828,1.51511884715707,7,1.33733490326189,1.50080463936354,1.46191240259046,1.40123381820586,0.89601502477338
1829,0.923242772065109,7,0.807426231015552,0.896227504991582,0.955307747511503,0.894669343543651,0.89601502477338
1830,1.26404295603772,7,1.0717192841121,1.25120795951608,1.0893305435105,1.10766323163866,0.89601502477338
1831,1.14733122234813,7,0.976048695056576,1.14280187879698,1.13292864633681,1.08070990677583,0.89601502477338
1832,1.01827486344571,7,0.830280035744701,1.01739138499552,0.994148113496474,0.904848428827324,0.89601502477338
1833,1.37875781888903,7,1.14826991629722,1.39843895607349,1.30575125387498,1.19865066555696,0.89601502477338
1834,1.28238312121796,7,1.02461853645312,1.28210639413723,1.29271827697725,1.13456598809406,0.89601502477338
1835,1.6729130559329,7,1.28236926854419,1.62371179359118,1.36863409999494,1.40118263553448,0.89601502477338
1836,1.42441560881034,7,1.10875245734136,1.4172024215061,1.19920334011468,1.22833115317796,0.89601502477338
1837,1.34327931205725,7,1.07182052412404,1.34789850288411,1.06885505894471,1.12243624259827,0.89601502477338
1838,1.59364254535701,7,1.23627514442338,1.58857540019514,1.21366768832666,1.23967065451557,0.89601502477338
1839,1.58792626964448,7,1.26817194019107,1.58134772929111,1.28067474747677,1.28362166430451,0.89601502477338
1840,1.42471688163834,7,1.14375705872337,1.3786153067558,1.16451033475444,1.15164197763118,0.89601502477338
1841,0.980519331445029,7,0.831544668367774,0.952735867189567,0.923129722281836,0.839723202084458,0.89601502477338
1842,0.606104454825844,7,0.521859129247808,0.590763653910228,0.587146635452262,0.457514823952117,0.89601502477338
1843,0.966204300229251,7,0.856253120493407,0.936032666286631,0.81134762631096,0.721894195966516,0.89601502477338
1844,1.02885240049415,7,0.93200786525271,0.992140531601458,1.01177323451853,0.899820352085568,0.89601502477338
1845,0.87436802194009,7,0.821327454902997,0.861809886915424,0.861942018416476,0.750394915296216,0.89601502477338
1846,0.942034323326925,7,0.902881065161449,0.925311894046269,1.10543595340059,0.837877260990622,0.89601502477338
1847,0.182731671436332,7,0.183524137629921,0.179582078559785,0.223537941432353,0.153860090571434,0.89601502477338
1848,0.956267650025794,7,0.946408703384843,0.937295564080656,0.900277385638646,0.807392907120353,0.89601502477338
1849,1.31335732098975,7,1.30596273562597,1.29379920433202,1.25689814902088,1.31045340790906,0.89601502477338
1850,1.46681594432323,7,1.37389199471143,1.37098332689096,1.22713745205607,1.1882759634306,0.89601502477338
1851,0.931025218560518,7,0.933664040401292,0.916262133830086,0.916737123474035,0.735393487901026,0.89601502477338
1852,1.3918052287716,7,1.46794724783915,1.40490530791494,1.50105081366087,1.24212649471667,0.89601502477338
1853,1.37857211198037,7,1.43586027154632,1.37505398501421,1.21620944206872,1.21966326331043,0.89601502477338
1854,1.25046555423361,7,1.37627788531585,1.25516445584104,1.23383225862618,1.18401267816785,0.89601502477338
1855,1.10276308979645,7,1.24006262485351,1.08554461653693,0.976344716088462,0.928156812947467,0.89601502477338
1856,0.501099936066827,7,0.550483350423072,0.499515655294118,0.503479290801024,0.398548116346199,0.89601502477338
1857,0.20699115435626,7,0.244961936538123,0.207754073370491,0.237644038717953,0.206584870817255,0.89601502477338
1858,0.869099203671011,7,0.968839930479498,0.857870668438867,0.755081821488988,0.707822221950559,0.89601502477338
1859,0.292361391788477,7,0.364768063070646,0.294031736643795,0.406856013129392,0.355938354655495,0.89601502477338
1860,0.827972746301213,7,0.902295994165033,0.808562599434449,0.778853064185736,0.75424904157449,0.89601502477338
1861,0.303953670134556,7,0.341679306174328,0.300059960959143,0.349336787846125,0.271114247272054,0.89601502477338
1862,1.07583053611287,7,1.21749683964472,1.0588682720113,1.13310992978644,1.04372230470172,0.89601502477338
1863,0.776053758361308,7,0.811614480551538,0.77304911602289,0.765647244964842,0.673463771355164,0.89601502477338
1864,0.647722842574395,7,0.641356638378523,0.68664334779615,0.654046872118547,0.526054663285783,0.89601502477338
1865,1.30603912483759,7,1.2665911706228,1.28581820107536,1.25616598763052,1.00302213226396,0.89601502477338
1866,1.74962523797249,7,1.71751237892409,1.73096061398472,1.56320945782327,1.27248540191532,0.89601502477338
1867,1.92246543736589,7,1.83137020592743,1.89851540706561,1.62237054892758,1.5637332103265,0.89601502477338
1868,1.85870340321801,7,1.75744518267294,1.856168932515,1.64564767356976,1.44501125264345,0.89601502477338
1869,1.2100127361992,7,1.16690437114726,1.19318045281407,1.16671665757863,1.00795299325573,0.89601502477338
1870,1.01894310963707,7,1.020616620562,1.00230475467265,0.997865734075921,0.783970005118634,0.89601502477338
1871,0.477013297983202,7,0.542213167314961,0.476160964480045,0.47220008684772,0.398672654100074,0.89601502477338
1872,0.930248001950914,7,0.971568331629601,0.915304365022185,0.958336623540832,0.700852500336051,0.89601502477338
1873,0.528642035372241,7,0.558709156615639,0.515245395860082,0.57011502489734,0.4193270615699,0.89601502477338
1874,0.7666263034777,7,0.822338640545065,0.759433810481851,0.919173130712951,0.79403876619563,0.89601502477338
1875,0.601675991832501,7,0.641984373083255,0.58591605882007,0.635464113963805,0.573579297746063,0.89601502477338
1876,0.718679857913797,7,0.79669645955336,0.705567326536676,0.873911755556797,0.650359597360331,0.89601502477338
1877,0.744912944830144,7,0.837499422696608,0.732620098495219,0.775127903300552,0.64584528526064,0.89601502477338
1878,0.898472405028455,7,0.991346280824285,0.881268213597163,0.889349298226437,0.649909054283983,0.89601502477338
1879,0.627532210408609,7,0.694120562366075,0.61964548238396,0.753685626388906,0.526212715608949,0.89601502477338
1880,0.816054352245324,7,0.909034455683143,0.811258610220463,0.960843588729836,0.761899564189645,0.89601502477338
1881,0.722435448684873,7,0.782346476030426,0.721878924557104,0.854622542299977,0.699904305305103,0.89601502477338
1882,1.16158131376807,7,1.25510482500028,1.17460591482795,1.20038799688088,1.20318167284817,0.89601502477338
1883,1.12554404912477,7,1.23362088500652,1.09424102857312,1.2389616764642,1.05180281740898,0.89601502477338
1884,1.20843150700308,7,1.37483470603201,1.1896827853408,1.34918544644316,1.27623034174204,0.89601502477338
1885,1.33509454521221,7,1.5327863040846,1.30606905491203,1.50471491209504,1.364986133392,0.89601502477338
1886,0.913464550516491,7,0.981053960064163,0.88632209721927,1.02930613528907,0.879407604849974,0.89601502477338
1887,0.920925061295441,7,1.0921260328378,0.916111416218395,1.12011790961056,1.03914112404473,0.89601502477338
1888,0.952340985697874,7,1.1493818371142,0.945152590230275,1.10278745933923,0.905895454736787,0.89601502477338
1889,0.814150847463514,7,1.05182225221049,0.83747148172611,0.982747030017749,0.893564292038432,0.89601502477338
1890,0.948854283149085,7,1.19642105559072,0.939717575627786,1.26798915300655,1.0438445311964,0.89601502477338
1891,1.00788712870525,7,1.26845417891923,0.980670183972442,1.21959241529471,1.05572567292343,0.89601502477338
1892,0.571072605347781,7,0.750627280575445,0.569135562526185,0.78717929703701,0.696302654852835,0.89601502477338
1893,0.279514610413363,7,0.36482517726479,0.278372031627308,0.424153998021432,0.27852883825145,0.89601502477338
1894,0.651601079068206,7,0.941854937092509,0.664931703873279,0.917621434750872,0.769634621945412,0.89601502477338
1895,0.70025281766177,7,0.976007801512981,0.689122327443136,0.843564989458883,0.76539772192461,0.89601502477338
1896,0.60360951208012,7,0.839296137259414,0.607665918267991,0.722659963709926,0.658323493126144,0.89601502477338
1897,0.886877632946092,7,1.25145617214082,0.877808730539942,1.13400441092743,1.02590286224571,0.89601502477338
1898,0.581756248902319,7,0.856907949069222,0.591898635691323,0.701979491183642,0.556315357228049,0.89601502477338
1899,0.279853178824964,7,0.395221887627977,0.288753186559444,0.297255192865258,0.245503309851032,0.89601502477338
1900,0.563338224143132,7,0.735667676661017,0.575989089701631,0.672488596406636,0.486450957296582,0.89601502477338
1901,0.746216780930422,7,0.925010774332371,0.742079655031871,0.765446075020901,0.613749637191396,0.89601502477338
1902,0.0503966561974543,7,0.0561197501682641,0.0483526351152663,0.0720425284880018,0.0503402037401123,0.89601502477338
1903,1.01311369935021,7,1.16179251876656,0.955506327523149,1.15678673892536,1.16264256373813,0.89601502477338
1904,0.245888856493231,7,0.262089530375936,0.263546107794133,0.312407823044699,0.241900237332505,0.89601502477338
1905,1.5172812313769,7,1.48981954185732,1.50263070107744,1.43064169489743,1.52087156650267,0.89601502477338
1906,1.4421732828523,7,1.39838710129267,1.42585803242901,1.46831365688935,1.63454497375303,0.89601502477338
1907,1.48120289705167,7,1.46164093350829,1.4661235420495,1.61584248098333,1.60702917333848,0.89601502477338
1908,1.75761824947979,7,1.51662383185102,1.7433602397826,1.49347824987065,1.75020156789787,0.89601502477338
1909,1.62712876072613,7,1.29916215012738,1.60948291290833,1.49833031736471,1.4447903788838,0.89601502477338
1910,1.08725349238107,8,0.943500298328275,1.07271132935192,1.05028447740892,0.926847335920707,0.895748784507759
1911,1.36178723532665,8,1.15621510154502,1.36959369374288,1.16807331303611,1.01656041967657,0.895748784507759
1912,0.947789685536286,8,0.856931294773068,1.01518187281437,0.938501954406683,0.918479968371797,0.895748784507759
1913,0.809814211168028,8,0.708123611673699,0.827070092279911,0.853491359368467,0.737787477983277,0.895748784507759
1914,0.946786620470712,8,0.890018883598728,1.05769291923035,1.03399273194167,0.844908215024394,0.895748784507759
1915,1.43827948622043,8,1.18133754448913,1.44337659158921,1.19171546896971,1.41603111325194,0.895748784507759
1916,1.32229027544317,8,1.10515045803905,1.34827100757368,1.23427224065306,1.21519922838158,0.895748784507759
1917,1.44464293140742,8,1.26443557145055,1.47107860127943,1.31153077616552,1.32259982967355,0.895748784507759
1918,0.796463550618422,8,0.668893852489828,0.805039820244155,0.800240415852823,0.677222831300702,0.895748784507759
1919,1.21185888156743,8,1.03996637132082,1.23648394261105,1.09688298466348,1.12120985040261,0.895748784507759
1920,1.05759446588692,8,1.0036596637083,1.18998267206304,1.11877601407852,1.34304230146723,0.895748784507759
1921,0.954384786065415,8,0.821326694571599,0.962516632996877,0.932288246855669,0.812760556413097,0.895748784507759
1922,1.14052945424053,8,0.990541645091367,1.16757867281371,1.18230024569589,1.11928994270757,0.895748784507759
1923,0.617144873546028,8,0.530966020759085,0.624592551861746,0.738748848686331,0.620913245496236,0.895748784507759
1924,0.923615195315928,8,0.816437998062129,0.939647641597308,0.906464926369174,0.924143972535281,0.895748784507759
1925,1.10992007420743,8,0.985214231113969,1.11397110424012,1.23367126897823,1.22714651313018,0.895748784507759
1926,1.08390784894983,8,0.931574817738426,1.06227795406475,1.0427149824399,1.02059752731023,0.895748784507759
1927,1.16257477792399,8,1.05551962042492,1.18946768661758,1.22336364801105,1.15979686810395,0.895748784507759
1928,0.91146213950106,8,0.820494699641863,0.930191809150452,1.03510239974714,1.05029128979359,0.895748784507759
1929,1.37654766109984,8,1.23169464460767,1.38537163723585,1.25582103429916,1.40011390219921,0.895748784507759
1930,1.36427618704669,8,1.24705105323155,1.38860904907266,1.4391072669193,1.56646461828249,0.895748784507759
1931,1.48485518954761,8,1.42765457282998,1.54899787732341,1.47450004082122,1.6840984648258,0.895748784507759
1932,0.991274815579212,8,0.957566673726958,1.03414870091359,1.00142700548098,0.95208299445317,0.895748784507759
1933,1.49739598470294,8,1.47774065406108,1.57271902799049,1.49348891716652,1.54424645315745,0.895748784507759
1934,0.945917992671399,8,0.932980927438376,0.956480457716882,0.969910677877491,0.888739908445143,0.895748784507759
1935,0.563111093329409,8,0.54347117223041,0.584046524106253,0.658149523402178,0.538134478736805,0.895748784507759
1936,0.798369495658133,8,0.837191240084788,0.839898661205112,0.852887086117738,0.860652298823059,0.895748784507759
1937,1.14680205490234,8,1.21907691538411,1.19763069339188,1.1093255615184,1.0358175227433,0.895748784507759
1938,0.734619957428142,8,0.819674508124321,0.783773085545828,0.737103926085653,0.766428855394474,0.895748784507759
1939,0.557735502464439,8,0.604778341355432,0.598351842638091,0.590705909715447,0.56197847152599,0.895748784507759
1940,0.574880770259154,8,0.639496573059405,0.623432378596178,0.655498209176973,0.623379546575093,0.895748784507759
1941,1.10736901590126,8,1.28648395198687,1.20564845399606,1.24778660716421,1.23654340450711,0.895748784507759
1942,0.860674732891648,8,0.970039080978309,0.905836902010968,0.816534898265991,0.81616605065921,0.895748784507759
1943,0.788176490465875,8,0.887192888157574,0.843050391760999,0.852449799938828,0.894718935746795,0.895748784507759
1944,1.15497721510595,8,1.33430368973926,1.12916022133291,1.16040886356662,1.17663180125075,0.895748784507759
1945,0.809584630717944,8,0.921438318187737,0.87821458400437,0.87198919976079,0.813652886859896,0.895748784507759
1946,0.255492927947869,8,0.278001058306618,0.275853153302061,0.339675763855804,0.268684663338152,0.895748784507759
1947,1.04514606331884,8,1.08406947008837,1.13109120969852,1.15685007521743,1.06487746065037,0.895748784507759
1948,0.945281237771679,8,0.987467979236736,1.03733487420535,1.10526698695103,1.14791735727669,0.895748784507759
1949,1.15238586540746,8,1.20503214621096,1.21550983350451,1.15919771583372,1.0695383475155,0.895748784507759
1950,0.562732081488614,8,0.579196118450723,0.624056110534902,0.652246207986411,0.589335011845951,0.895748784507759
1951,0.901413653888053,8,0.965535336657973,0.949967698300879,1.09575089169176,1.07055420334887,0.895748784507759
1952,1.48617179259324,8,1.55050130670231,1.63029162745896,1.47357727784648,1.82145476917657,0.895748784507759
1953,1.13309849683438,8,1.19112058765159,1.27058384115323,1.28084378225379,1.54358392619252,0.895748784507759
1954,0.910137934114804,8,0.942252174435575,0.983855931450579,0.920185895146348,1.01233167189923,0.895748784507759
1955,1.15739419821673,8,1.21618721027035,1.29904363825566,1.31972014175967,1.38976342706124,0.895748784507759
1956,0.84154150833616,8,0.916294973602917,0.898197085738939,1.19204404719918,1.20698293149628,0.895748784507759
1957,1.2308139423183,7,1.18488344073987,1.33920589325136,1.309243534889,1.45378055017106,0.887340889151249
1958,0.895650802940462,7,0.900049837756292,1.01529625112376,1.13365503332776,1.27812769847417,0.887340889151249
1959,1.57255451186537,7,1.60596639330513,1.81285215857639,1.63721002593733,2.14381644509122,0.887340889151249
1960,0.98403610101224,7,1.00684484860767,1.1354902655575,1.32017155815106,1.40474440723954,0.887340889151249
1961,0.37033421429304,6,0.4218144550679,0.440097665230842,0.624459126367072,0.521585900642127,0.863649124454702
1962,0.88015293995788,6,1.0674114830074,1.04646487280918,0.978245776953834,0.988910861672888,0.863649124454702
1963,0.434089611092451,6,0.552171486942563,0.550381988577871,0.637623973292247,0.279490174015553,0.863649124454702
1964,0.752643818489978,6,0.95168305610873,0.92600508130178,0.963501862833292,0.951407224461737,0.863649124454702
