"year","ModNegExp","samp.depth","Spline","AgeDepSpline","RCS","SFRCS","EPS"
1646,0.955826538968903,1,4.9720600603572,1.13624808387626,2.60334453387513,2.16051792398377,NA
1647,0.859206686138206,1,4.28031464898828,1.0003550207337,1.97248968363136,1.75037108894496,NA
1648,0.887966202308359,1,4.2377801414931,1.01339449279334,2.07839262187088,1.68718598424516,NA
1649,0.712191183653999,1,3.25724781081482,0.797401817411321,1.87532222031277,1.55682488626059,NA
1650,0.708181152416358,1,3.10501904714788,0.77858220794511,1.84687083888149,1.4113203073866,NA
1651,1.33261384804898,1,5.60336169791718,1.43989689878374,2.81404587018438,2.37222187294694,NA
1652,0.568270281043819,1,2.29238608816108,0.604006552347082,1.39623670575402,1.00599613576281,NA
1653,1.10441029393622,1,4.27583733240983,1.15577537353993,2.46748772715528,1.8395122806348,NA
1654,1.288777987106,1,4.79072873893039,1.32915897521987,2.58350100603622,1.96624931161268,NA
1655,0.753625857092333,1,2.69086726364221,0.766675981838677,1.70835702103468,1.12133534074734,NA
1656,1.68138437130956,1,5.76902241131945,1.68881733793834,2.92486380145278,2.32110786351794,NA
1657,1.26505260397082,1,4.17285905110572,1.25570111029847,2.21255044709979,1.67723096464235,NA
1658,1.4909931481482,1,4.73028496512146,1.46391889680901,2.60864197530864,1.96344314668291,NA
1659,1.60668217161352,1,4.9049003116806,1.56183501193331,2.70850502719631,2.01567027272466,NA
1660,1.70471479616449,1,5.01011725127393,1.64217195935972,2.78519870571642,2.11199567574854,NA
1661,1.49783154362065,1,4.24001879978232,1.43115488613976,2.38199044185462,1.76000912449764,NA
1662,0.671289291161568,1,1.8312224805818,0.636768729427385,1.23155676001204,0.830534833677034,NA
1663,0.377060026588643,1,0.991725622124375,0.355400813699793,0.593515541264737,0.395748821160016,NA
1664,1.01202782100072,1,2.56774105773512,0.948679129282143,1.43782383419689,1.05012778337037,NA
1665,0.599683589344424,1,1.46855983772819,0.559559256835752,0.83248730964467,0.567583985456695,NA
1666,0.801776482146612,1,1.89614357096918,0.745326973239551,1.02982896976575,0.708528069577905,NA
1667,0.499630997432256,1,1.1417157275021,0.463104634453594,0.722789115646258,0.395010649117694,NA
1668,0.568466256265101,1,1.25588730025231,0.525812415074474,0.934584629053754,0.457346879940864,NA
1669,0.262922250278016,1,0.561903230594172,0.242886320316979,0.334399147348788,0.190352824299597,NA
1670,0.410156714811182,1,0.848451491614308,0.378722163541255,0.412434706906558,0.287526650558238,NA
1671,0.981078196778141,1,1.96554197793499,0.906164664694741,1.10403219046022,0.663638362939692,NA
1672,1.701892013179,1,3.30425963488844,1.57360836420836,1.35404562412085,0.977586530582156,NA
1673,2.1796135777353,1,4.10346064413991,2.01894395111437,2.21644498186215,1.55270573196802,NA
1674,1.77210194154386,1,3.23709988621184,1.64559178452411,1.912023977433,1.02997256260165,NA
1675,1.91360528657951,1,3.39380596645723,1.78267318808883,2.26742446903978,1.22026558220773,NA
1676,1.1781166446851,2,1.87322113134427,1.30181214070748,1.11767796737154,0.830416719518784,0.301228704515744
1677,0.804518590396248,2,1.24435801955864,0.908987487110295,0.823429978944155,0.53686500457657,0.301228704515744
1678,1.08518046820234,2,1.63432669779606,1.25942744442729,0.935231156297014,0.704075636460802,0.301228704515744
1679,1.23821624593057,3,1.83444354839107,1.1882861193922,0.840190186288182,0.719378365547128,0.574722118368058
1680,0.915078904396301,3,1.27162346298173,1.41336717979056,0.954173388996738,0.708800833355774,0.574722118368058
1681,0.911616939754325,3,1.35071219705341,1.27204924869378,0.77366526234358,0.705009450938658,0.574722118368058
1682,0.626059150895735,3,0.925116720234827,0.854604861931338,0.663102348227596,0.510671252659232,0.574722118368058
1683,0.723504597649182,3,1.06369702688034,0.991570572961936,0.649937407853959,0.47809247648591,0.574722118368058
1684,0.647478907656136,3,1.05361657766333,0.950189636804769,0.580362891234631,0.417656063681341,0.574722118368058
1685,0.618991555034684,3,0.924841637935696,0.869378709802767,0.702230033977185,0.429168420499339,0.574722118368058
1686,0.714713775832197,3,0.998798709433408,0.881493371041333,0.572429547204565,0.395423178187018,0.574722118368058
1687,0.474984391887093,3,0.757574893674651,0.660279702137201,0.454423089755426,0.281834135856215,0.574722118368058
1688,0.843006080142941,3,1.08258724100985,0.914228637126893,0.620091106711707,0.389318239953584,0.574722118368058
1689,1.05233376900412,3,1.37472848300895,1.13064266403279,1.0057379192649,0.464099927391502,0.574722118368058
1690,0.386976898499505,3,0.652816483789558,0.506692356469524,0.425985816856716,0.216797770092854,0.574722118368058
1691,0.662343744697696,3,1.11517823059996,0.841792831594633,0.545142000952638,0.370146837709686,0.574722118368058
1692,0.311803541617281,3,0.478754362526632,0.428398353135779,0.347062449693909,0.212467394296015,0.574722118368058
1693,0.406663018744466,3,0.587598504677567,0.555891475177373,0.378385890023089,0.227775048742263,0.574722118368058
1694,0.249090330810926,3,0.669244564944079,0.40451652952248,0.216618286100324,0.156624346720866,0.574722118368058
1695,0.561813734873104,3,1.11785907946966,0.817162884387112,0.471090630533726,0.245124512558962,0.574722118368058
1696,0.692471933158865,3,1.12698684261796,1.01498868358917,0.522937002091815,0.339145746151546,0.574722118368058
1697,0.810671109578461,3,1.2670079678332,1.33700200176817,0.636388676844025,0.396322464132343,0.574722118368058
1698,0.780427693670696,3,1.3328277732222,1.33914485495337,0.674180610137064,0.396774115022951,0.574722118368058
1699,0.583892116318755,3,0.98912722977933,0.879359680681396,0.463420767550538,0.29688397985257,0.574722118368058
1700,0.405433416809738,3,0.790884731135324,0.684640781304754,0.361760136965475,0.176075726576577,0.574722118368058
1701,0.403584444272782,3,0.82858768142375,0.607387881420944,0.367160958527771,0.202117069289466,0.574722118368058
1702,0.454997664565587,3,0.783964573961736,0.674748198474702,0.327428389724051,0.208922853201596,0.574722118368058
1703,0.577347188924451,3,0.87493208210283,0.800035713649257,0.390907727073707,0.279574749815935,0.574722118368058
1704,0.479501245229889,3,0.919241662146526,0.770494747369019,0.379359966127953,0.228536975693031,0.574722118368058
1705,0.617134074718084,3,1.05960160260708,0.897033238220894,0.465106111479047,0.295931535652207,0.574722118368058
1706,0.493360057849223,3,0.845556634939901,0.677919283889566,0.365867885040862,0.252116289232928,0.574722118368058
1707,0.00177115638416147,3,0.00243363515788754,0.00244003892317224,0,0,0.574722118368058
1708,0.483162227357219,3,0.703908117660854,0.750348445741314,0.422956501392723,0.246073465331602,0.574722118368058
1709,0.670532158223457,3,0.927107132181683,0.917042236499668,0.517231969027244,0.361407067872618,0.574722118368058
1710,0.753080537246543,3,0.961120428863197,0.956660523472349,0.661290194252025,0.383646808497304,0.574722118368058
1711,0.792084169974273,3,1.06759363756546,1.09115033517424,0.602372689142251,0.43329388732721,0.574722118368058
1712,0.543333192389465,3,0.926760957307116,0.786499059756068,0.529358593858062,0.346476598488996,0.574722118368058
1713,0.808514464070002,3,0.997204356710812,1.05904685648948,0.657791645096229,0.450311426081542,0.574722118368058
1714,0.848970322579206,3,1.25736092948081,0.962936457343407,0.753456482821918,0.492548134141172,0.574722118368058
1715,0.857724742803197,3,1.05865031162368,1.14527988454845,0.919811401252879,0.632995549196147,0.574722118368058
1716,0.403794788119399,3,0.677116318201068,0.590004882056039,0.417312661902964,0.268611725735339,0.574722118368058
1717,0.195417546233379,4,0.389930531514556,0.43484223027672,0.229677488351614,0.145167039300746,0.664538394556045
1718,0.517420372335954,4,0.926267603011132,1.06843848903716,0.538446152024682,0.379095837864312,0.664538394556045
1719,0.380991680855229,4,0.774751223680577,0.918084976860715,0.445310576137452,0.300149325913025,0.664538394556045
1720,0.560587425367459,4,1.08621990681676,1.07475055048581,0.69233995523676,0.435969312272078,0.664538394556045
1721,0.457753837492828,4,0.639207055196386,0.566807962572137,0.409896047736145,0.264104525093191,0.664538394556045
1722,0.737268069997808,4,1.19612955071072,1.12915338449781,0.701837964749163,0.415774978401755,0.664538394556045
1723,0.705790774534172,4,1.22095633564789,1.16140453539662,0.820752103584655,0.471802793790752,0.664538394556045
1724,0.863226267047384,4,1.26699245559597,1.04825701932807,0.846327176962803,0.518071634683135,0.664538394556045
1725,0.828776379301657,4,1.06465989759248,1.0609349463264,0.768298313201408,0.449739170672487,0.664538394556045
1726,0.364980797343562,4,0.508431843215382,0.506783234443524,0.382162688777729,0.207304011435681,0.664538394556045
1727,0.625284145940548,4,0.863142584688551,1.02645684559548,0.666896657397218,0.395155822695669,0.664538394556045
1728,0.695295101042509,4,1.07490765776004,0.94674790014661,0.594276106738124,0.380188403241635,0.664538394556045
1729,0.868788229891742,5,1.09472707581278,1.13434131053025,0.785222180485248,0.534308179808851,0.776452034094264
1730,0.776553280211046,5,1.02891358227419,0.942431466306283,0.719744011580188,0.501350669942158,0.776452034094264
1731,0.724981173939508,5,0.974158657033219,0.926023716790543,0.622478082980606,0.459363314370178,0.776452034094264
1732,0.861057045015876,6,0.981910725108928,0.971133945626996,0.761942139372003,0.551813088633722,0.817482049874815
1733,0.686561292159351,6,0.812270797336973,0.784944418673532,0.61451896055417,0.46394960592343,0.817482049874815
1734,0.71469546965199,6,0.914104922429198,0.835795269201901,0.701210204876885,0.479694630736683,0.817482049874815
1735,0.723827139553129,6,0.870341606193417,0.810196282228757,0.72014576749019,0.49501675162209,0.817482049874815
1736,0.794744644945207,6,0.908873115972084,0.918114928757178,0.715020212992809,0.515588592525319,0.817482049874815
1737,0.74006329171942,6,0.880590128198653,0.833284703153944,0.648590475610413,0.477513328969659,0.817482049874815
1738,0.900728736547144,6,1.10148903841023,1.0046399694635,0.925671334108701,0.612453437252658,0.817482049874815
1739,0.670194005071021,7,0.828846073810654,0.766021248721415,0.670937977183885,0.478607212177342,0.844992119250187
1740,0.648923909985268,7,0.766159231261717,0.72108625866592,0.6187255081361,0.440803180111672,0.844992119250187
1741,0.930438173010161,7,1.11165944140874,1.02831263539276,0.900511602327387,0.655594453482969,0.844992119250187
1742,0.331376254457545,7,0.43443196674616,0.399488485939409,0.345100128362613,0.251110007985068,0.844992119250187
1743,0.484237765569254,7,0.509959302180504,0.537641081578104,0.449508572043961,0.328904706327008,0.844992119250187
1744,0.725597054380747,7,0.789150319862543,0.800661732542645,0.678583790182817,0.515666212778098,0.844992119250187
1745,0.808548663305573,7,0.891453963951589,0.923058395132559,0.789657769560423,0.519346693101247,0.844992119250187
1746,0.897560506722056,7,0.942976309117352,1.05378901628296,0.954037329268956,0.596516506139747,0.844992119250187
1747,1.57453974884371,7,1.39433895767104,1.66617278162238,1.49764059540894,1.02344107837454,0.844992119250187
1748,1.1309603106049,7,1.08635325819976,1.29071087704342,1.33294417470104,0.800897045360244,0.844992119250187
1749,1.22429153895592,7,1.13665990920181,1.37038270683473,1.24415010011102,0.799893698950568,0.844992119250187
1750,1.55753338744097,7,1.39700900071428,1.63293637667741,1.44658866399074,0.964402902205046,0.844992119250187
1751,1.46389753911288,8,1.43032097405072,1.58669684408697,1.6217868651833,1.12629887256996,0.847931615021213
1752,1.44856337216172,8,1.31205406067425,1.67285141845845,1.50344875904391,1.01996383036585,0.847931615021213
1753,1.31449022034132,8,1.15275113598689,1.3834520171748,1.32920839799047,0.938470250331518,0.847931615021213
1754,0.901484789581954,8,0.829209539469433,0.95133106040534,0.875133829501288,0.592640146727106,0.847931615021213
1755,1.42794218052456,8,1.19252042005089,1.48498020778465,1.32551835471877,0.889062404229826,0.847931615021213
1756,1.36134109994427,8,1.28106707305765,1.42342968013103,1.26225417261127,0.888799764301224,0.847931615021213
1757,1.225625725872,8,1.13947499370678,1.27109592147183,1.12188035786821,0.753875645410121,0.847931615021213
1758,0.671245667401726,8,0.639665814494042,0.6906198080209,0.661497027906896,0.442940149821228,0.847931615021213
1759,1.01911629599954,8,1.03321528682995,1.06255306100915,0.955357088640782,0.67887826502722,0.847931615021213
1760,0.155695716721594,8,0.160860632240864,0.167345138160874,0.187390759805032,0.109298088391222,0.847931615021213
1761,0.504728559659818,8,0.515405305674555,0.505648399993743,0.538568534256661,0.336264670659983,0.847931615021213
1762,0.691245645207182,8,0.71480017357137,0.681933892842754,0.662562583216058,0.461191462937806,0.847931615021213
1763,0.833494023460037,8,0.975016159224332,0.847964449480473,0.881300863595692,0.600027539976599,0.847931615021213
1764,0.940683426369156,8,0.996756470628358,0.99942696834159,0.943511796026204,0.636580744360406,0.847931615021213
1765,1.11960412645693,8,1.16274490828214,1.10450777052684,1.06500618241353,0.739991734970489,0.847931615021213
1766,1.48475370741949,8,1.61943202221358,1.44346184933264,1.45598753612484,1.03118754070955,0.847931615021213
1767,0.46274592192845,8,0.501308906511078,0.44284629112458,0.485960228418422,0.318871327248909,0.847931615021213
1768,0.271481097005491,8,0.310824527268216,0.235144614488768,0.30784622057915,0.195045019574489,0.847931615021213
1769,1.00348184643936,8,1.10758803252396,0.95935923756099,1.01986726132385,0.714104819729673,0.847931615021213
1770,1.03936252782028,8,1.19784912418871,1.01168941845185,1.1614978846276,0.738494561229646,0.847931615021213
1771,1.09868594097078,8,1.3198791049068,1.07599895293045,1.16583827320478,0.800299854700257,0.847931615021213
1772,1.1452995091284,8,1.32181655561965,1.08642752028293,1.19890588205545,0.748764919539579,0.847931615021213
1773,0.858573978509624,8,1.03250296294116,0.823138640215741,0.970659508347914,0.608910325684994,0.847931615021213
1774,1.17335882815848,8,1.37538068670147,1.12032757042043,1.19189026251465,0.838253893620297,0.847931615021213
1775,0.629358814351319,8,0.822451291337387,0.622928873517227,0.793352100544737,0.516289023207125,0.847931615021213
1776,0.880594888902564,8,1.09675020664194,0.840725789274028,1.03065329112316,0.647521871836396,0.847931615021213
1777,1.05543833597625,8,1.25288073068276,0.99367646518887,1.31706858711472,0.763121744441788,0.847931615021213
1778,0.403746831875561,8,0.49719571069117,0.382798632562532,0.471931116437535,0.285146980720428,0.847931615021213
1779,0.720778292005289,8,0.866680644224759,0.675817626332806,0.816213470983882,0.481393375610775,0.847931615021213
1780,0.695427737097008,8,0.934450278426226,0.668490292598844,0.902897331160709,0.541863100965427,0.847931615021213
1781,0.831663236489238,8,1.14232301374958,0.790840205985301,0.901396853872549,0.533574357065491,0.847931615021213
1782,0.54331685112114,8,0.646243024084141,0.483018988368488,0.55650558096499,0.358849575175891,0.847931615021213
1783,0.937879610980759,8,1.10555281600149,0.842774603194189,1.01542556049223,0.628654453221,0.847931615021213
1784,0.503617435609336,8,0.659901372862152,0.481813966386758,0.536863782636488,0.368710335049802,0.847931615021213
1785,0.154897895486807,8,0.180129218338975,0.13693882701892,0.15506216671262,0.101346270038376,0.847931615021213
1786,0.375451209489412,8,0.426765949150045,0.330912783897446,0.353663978844052,0.250965922681618,0.847931615021213
1787,0.576388028738728,8,0.705678585936393,0.557621280372827,0.60057093379522,0.404849076421185,0.847931615021213
1788,0.50227255582458,9,0.524009134359597,0.456680827107286,0.614604854011727,0.360993761780361,0.876035709887767
1789,1.17782712876262,9,1.18950067382708,1.07314717440445,1.10502784465424,0.830601765549545,0.876035709887767
1790,1.01351241394783,10,0.975739958922248,0.909199507415422,1.11853502565329,0.809806683085061,0.890943881344729
1791,1.43514502883147,10,1.33289054657582,1.25706823689979,1.55904653467612,1.11208207513625,0.890943881344729
1792,1.89655024310713,10,1.70174305612808,1.68563167285729,1.95412756772324,1.43317447336715,0.890943881344729
1793,1.91660993190581,10,1.7054630404989,1.70785068468347,1.89047421789178,1.40263412119549,0.890943881344729
1794,0.911932534835727,10,0.815209099939418,0.819729895184459,1.04091754299751,0.717935883268943,0.890943881344729
1795,1.03804251469925,10,0.908374540544363,0.90654003656253,1.06461595977065,0.735125881018324,0.890943881344729
1796,1.28689612034646,10,1.13763119748653,1.15438636948932,1.31318445464264,0.944979718854339,0.890943881344729
1797,0.983611225016771,10,0.877295307605407,0.888588557831489,1.08178203571455,0.751928802441867,0.890943881344729
1798,1.05280510418239,10,0.897815957621867,0.943685631204653,1.09739315104307,0.741091365178566,0.890943881344729
1799,1.20274322773122,10,0.982310477706635,1.06358802813786,1.29902929756747,0.860322964433402,0.890943881344729
1800,1.3327342364923,10,1.16276541848365,1.14724581760745,1.36286879149189,0.922531677213007,0.890943881344729
1801,0.762578415974054,10,0.620512835870646,0.712586019936968,0.823972627822202,0.579217210663903,0.890943881344729
1802,0.346755903409782,10,0.3099756907894,0.31724395453834,0.426269109460914,0.288614420385834,0.890943881344729
1803,1.09745529823831,10,0.910325501785417,0.975812614665772,1.11348487001294,0.780858328735811,0.890943881344729
1804,1.96689285469724,10,1.64963523786679,1.70316836424012,1.93479311311652,1.41140079046557,0.890943881344729
1805,1.07739121752131,10,0.934841886509314,0.923955143792253,1.30106829922395,0.883468518993013,0.890943881344729
1806,1.14079243600087,10,0.950446424092108,0.987697150208115,1.27251003669371,0.891874873766274,0.890943881344729
1807,1.98658966450166,10,1.52565055689886,1.75812289602507,1.92313553778046,1.42289589188425,0.890943881344729
1808,1.54930099235284,10,1.32437500092586,1.42739121504037,1.58695100541877,1.16213933032879,0.890943881344729
1809,0.858123683604204,10,0.668826075791562,0.75527949696641,0.897382889817562,0.595128028907905,0.890943881344729
1810,0.688088292685268,10,0.538786391410351,0.604099568108006,0.679375169153002,0.469535753743466,0.890943881344729
1811,0.589730397464476,10,0.435244546288175,0.52623540273478,0.55791018440698,0.381594480357183,0.890943881344729
1812,1.18882585298828,10,0.990786909769703,1.21025956457577,1.29495366164336,0.880668352868861,0.890943881344729
1813,1.89704976436546,11,1.50236382014796,1.79715273594332,1.86943663735237,1.33732116175468,0.90037485108668
1814,2.44330425148134,11,1.72590051766716,2.0895868243853,2.15804199094726,1.62866018341116,0.90037485108668
1815,0.643524011940092,11,0.499856538937657,0.671324122137182,0.684906332284702,0.517461718531369,0.90037485108668
1816,1.90186363911644,11,1.35687500966818,1.66704151355041,1.746102922597,1.28450581121309,0.90037485108668
1817,0.917591325523576,11,0.679227028905052,0.805244503313483,1.01234377166253,0.706548571442284,0.90037485108668
1818,1.14974513558244,11,0.791710551714011,1.04981870256247,1.15326397375975,0.820504642000433,0.90037485108668
1819,1.09519753363186,11,0.746770236640172,0.980880702559288,1.11256126874311,0.747831787910362,0.90037485108668
1820,1.6389902941536,11,1.09505324978244,1.42887338236901,1.57594845957813,1.15899564470347,0.90037485108668
1821,1.31701960473244,11,0.970613107738315,1.27181145690673,1.51931472160931,1.1139494937875,0.90037485108668
1822,1.42760577717169,11,1.00156108874375,1.24760655466377,1.41660010322126,1.07311501937557,0.90037485108668
1823,1.82610312400561,12,1.32959295870607,1.67761241242897,1.79274038815249,1.37793852258254,0.904572467219059
1824,1.92142272501328,12,1.37167112009985,1.78594502088529,1.98290087807687,1.51655608833999,0.904572467219059
1825,1.81881669581397,12,1.35793294499917,1.66462061261303,1.83536142565,1.50099689119189,0.904572467219059
1826,1.50602312489662,12,1.16041423432118,1.38491167841363,1.52272947124004,1.19770547375109,0.904572467219059
1827,1.57533544407053,12,1.20872474056062,1.4222070054387,1.56897948077165,1.22911830264729,0.904572467219059
1828,1.25784529965039,12,0.956348825468939,1.13434040340222,1.21048439109525,0.900016974653973,0.904572467219059
1829,1.03453607900775,12,0.816789467011578,0.922056493302111,1.03775421918907,0.758189578794485,0.904572467219059
1830,1.05426159287841,12,0.87339515466134,0.97001808925215,1.01286075268386,0.764267975580319,0.904572467219059
1831,0.479365480449709,12,0.410884614468236,0.45287731459178,0.488464879438245,0.34735991107662,0.904572467219059
1832,0.741869082695437,12,0.681226646447649,0.733711211655029,0.771535033825622,0.545021694656134,0.904572467219059
1833,1.11316744321956,12,0.935366297856345,1.02821669051539,1.06076051363547,0.778117469206158,0.904572467219059
1834,1.43578845484826,12,1.28199849271635,1.37707203210289,1.44850757072847,0.991854336434809,0.904572467219059
1835,0.434103378412864,12,0.4390736033165,0.405292375968807,0.509146547652456,0.321624060170119,0.904572467219059
1836,0.763222040984662,12,0.757251438169686,0.769402067582804,0.782631767958635,0.550674295360162,0.904572467219059
1837,0.73083430126485,12,0.807913442953315,0.752766918984206,0.783495866122474,0.557875122717861,0.904572467219059
1838,0.760398950021112,12,0.782809875744996,0.758317490863947,0.856182763075175,0.568249519374477,0.904572467219059
1839,0.93743970909985,12,0.973035473029546,0.967261053166594,0.98779478469091,0.693370667168749,0.904572467219059
1840,1.48854687493136,12,1.4035705544046,1.43904013009541,1.43872513629233,1.0180615092769,0.904572467219059
1841,0.906106757223968,12,0.886344484860402,0.904460142533485,1.07302831207346,0.666340015312653,0.904572467219059
1842,1.31277690572197,13,1.24925204367742,1.26840305014985,1.28025350680517,0.944655351330253,0.917256045076284
1843,1.11704908805697,13,1.00913759086917,1.11059885041522,1.05176614558587,0.800030499155909,0.917256045076284
1844,1.18359648701292,13,1.03400116828932,1.12061662451675,0.877669820498692,0.714299986181583,0.917256045076284
1845,1.21507175063594,13,1.12287613259476,1.18103139544779,1.11717856406319,0.875618721424267,0.917256045076284
1846,0.910390400837552,13,0.805824098899279,0.884498458815059,0.790638015316131,0.595573703114547,0.917256045076284
1847,0.695454288244461,13,0.629817420421226,0.664733554480861,0.593170776926075,0.432614244239115,0.917256045076284
1848,0.966928964094795,14,1.00952139245068,1.03507710397984,0.950593557965265,0.661695649884943,0.924962438941821
1849,1.15560081116828,14,1.23427249470668,1.22528895641795,1.10279945700211,0.811727614006595,0.924962438941821
1850,0.809716823568645,14,0.749562550866719,0.813896392434795,0.747141582943206,0.531548704658233,0.924962438941821
1851,0.980422244790693,14,0.963527429928389,1.01014009753431,0.961475026272439,0.665515675127468,0.924962438941821
1852,0.960364576015352,14,1.10973998927852,1.08486897384218,1.08773993601248,0.795345615405602,0.924962438941821
1853,1.06748219645416,14,1.09136903418576,1.13864128359912,1.03853723826862,0.741614316780255,0.924962438941821
1854,1.04260317027731,14,1.11473617224346,1.08985575470146,1.03044150000043,0.707052574279651,0.924962438941821
1855,0.995901643305603,14,1.10565390858702,1.08914595324978,0.982292390173229,0.724132074058027,0.924962438941821
1856,0.94068399458775,14,1.08397933238267,1.01763439375933,0.953197750361039,0.654641379257991,0.924962438941821
1857,0.627366916784671,14,0.718014435656474,0.698863844915968,0.656229452449546,0.465870112240094,0.924962438941821
1858,1.08255415595492,14,1.23865652210445,1.14474089689262,0.907358316988855,0.742613735922206,0.924962438941821
1859,1.02610935668572,14,1.14517578818573,1.07698726200771,0.966801935674389,0.714029363990865,0.924962438941821
1860,0.967901217150689,14,1.08234865076015,1.00441631419662,0.9741758990954,0.682799907930307,0.924962438941821
1861,0.592520318009892,14,0.709431491218793,0.602883007106916,0.590093469776621,0.416012089503312,0.924962438941821
1862,0.648991798794615,14,0.835458166075166,0.735918017507473,0.64288075246324,0.475096440166448,0.924962438941821
1863,0.143006382539543,14,0.171069650621303,0.156194224019042,0.128186586741817,0.0985119720939329,0.924962438941821
1864,0.255131087701658,14,0.330295265204144,0.290570994040331,0.209717985141187,0.183137281919856,0.924962438941821
1865,0.360704357923701,14,0.492195799620179,0.423805628717529,0.323504066690007,0.251073570082756,0.924962438941821
1866,0.938479316484577,14,1.19054539104716,1.05434641549293,0.904060308174756,0.643419391049086,0.924962438941821
1867,0.552223847959935,14,0.678339089727998,0.641327180465139,0.563257839729515,0.400247067265177,0.924962438941821
1868,0.886797083085229,14,1.05473285822816,1.03254358315521,0.837313268644205,0.610620976343447,0.924962438941821
1869,1.26252988515356,14,1.46270437259473,1.45845195614292,1.24179407211293,0.933354338499351,0.924962438941821
1870,1.05923501552953,14,1.32485497298634,1.37231919620671,1.23051712855288,0.839312259084578,0.924962438941821
1871,0.849056745398213,14,1.02929558159367,1.0534805147282,0.980707561665562,0.706462796590929,0.924962438941821
1872,1.09260202808956,14,1.25632126937328,1.32561866916577,1.17838911657231,0.817137821606732,0.924962438941821
1873,0.863812876464372,14,1.09681000581512,1.12802006752052,1.0326330966925,0.692365137627961,0.924962438941821
1874,1.00106703114767,15,1.1170546468882,1.21689061767298,1.02261572456399,0.799561484952626,0.918614343743553
1875,1.09023906916567,15,1.18437106334447,1.33346762542269,1.08552216479826,0.865478854842836,0.918614343743553
1876,0.544574454826052,15,0.570762998957085,0.650915306730405,0.595483190430484,0.428407775226889,0.918614343743553
1877,0.276801639639383,15,0.268066829098269,0.30643710751312,0.289384344272115,0.213849150903743,0.918614343743553
1878,0.881165104264427,15,0.960134623246787,1.08306841774035,0.887634314690442,0.720647890114515,0.918614343743553
1879,1.20617551110803,15,1.32218756001371,1.4816831934006,1.25889628003894,1.00512588538592,0.918614343743553
1880,1.11451802980143,15,1.30004532436419,1.42435119344593,1.22320651328661,0.937165845371657,0.918614343743553
1881,0.873954464442839,15,0.97205168526351,1.08069250676802,0.919170569138077,0.722697453433975,0.918614343743553
1882,0.583290926678435,15,0.685508080138378,0.746062138663438,0.633505816167857,0.453861462718782,0.918614343743553
1883,0.773388311995494,15,0.930533553594179,1.00369723185671,0.826374358187991,0.615894056782816,0.918614343743553
1884,0.456831030886999,15,0.501721347586652,0.554300240089663,0.468598832606019,0.326046425861813,0.918614343743553
1885,0.919035893478618,15,1.10891666561312,1.17537580118362,0.910400586416689,0.668668517183274,0.918614343743553
1886,1.11682492082896,15,1.36862967347341,1.46720330501774,1.11706269058599,0.837178180602225,0.918614343743553
1887,1.29532984295657,15,1.54981825016175,1.57226915427627,1.24598540487782,0.918884577497067,0.918614343743553
1888,1.13567566053927,15,1.46007174635405,1.42587927326312,1.18954661488651,0.854417176002149,0.918614343743553
1889,0.816129683478694,15,1.06307657056967,0.947946148385998,0.889734878169515,0.607972611618785,0.918614343743553
1890,0.653336959851546,15,0.739808132740009,0.731414993283277,0.675663547807275,0.441525638297421,0.918614343743553
1891,0.566277802051229,15,0.733010168008292,0.644349709950165,0.64259707575052,0.423879086819453,0.918614343743553
1892,0.624887092957762,15,0.801324890122815,0.727887075091102,0.627556371408436,0.429143683277835,0.918614343743553
1893,0.372729349779433,15,0.465392146258844,0.423694425297655,0.370821004785997,0.255564885383683,0.918614343743553
1894,0.819127700249516,15,1.27050876251967,1.01141229409867,0.799147604740245,0.566320107663674,0.918614343743553
1895,0.400271114488954,15,0.583898596160726,0.438996028601272,0.396691721680028,0.294829493219024,0.918614343743553
1896,0.262124109959559,15,0.404004891747046,0.342626637727762,0.289179359940417,0.189069340866106,0.918614343743553
1897,0.435652957104773,15,0.717033435699905,0.547715369576457,0.412836732713267,0.298353285669891,0.918614343743553
1898,0.767909859975268,15,1.31687077601166,0.966604451287068,0.72521449273029,0.557905355337385,0.918614343743553
1899,0.703980605073909,15,1.17345326477694,0.87883181989362,0.691079481322661,0.493242591427308,0.918614343743553
1900,0.449849950920091,15,0.806974347804774,0.591333848440322,0.40828298830577,0.305181484055797,0.918614343743553
1901,0.553594481830983,15,1.0041803215063,0.730947194847063,0.535715768792193,0.385455361731324,0.918614343743553
1902,0.63586430193151,15,1.17422001177988,0.89996572067107,0.595087760199947,0.438488092872147,0.918614343743553
1903,0.535603839653007,14,1.02890648306274,0.698734102832118,0.545569845716166,0.389587013774037,0.908879404453418
1904,0.321874333637623,14,0.61505264747429,0.461866108355393,0.379083290945275,0.256592912444801,0.908879404453418
1905,0.588146925320703,14,1.10028330872791,0.748783790293652,0.597091282104239,0.426388052850678,0.908879404453418
1906,0.624253005675853,14,1.25596203821584,0.789115163134109,0.645099349272497,0.459354093158268,0.908879404453418
1907,0.643286017404996,14,1.28322888285208,0.813155469767706,0.578016669878843,0.44982438999826,0.908879404453418
1908,0.60270542410785,14,1.17076420310097,0.712230450732839,0.52297944217488,0.398727254080644,0.908879404453418
1909,0.43185502391239,14,0.907480111636655,0.526664405880339,0.407774260766553,0.306442452084891,0.908879404453418
1910,0.474709876332844,14,1.03165651700128,0.616341477403425,0.494751409557197,0.362959323376961,0.908879404453418
1911,0.393701085391868,14,0.804701305929725,0.509022954291026,0.422985489573978,0.28995786360747,0.908879404453418
1912,0.265407347370897,14,0.497707761239385,0.356804883977296,0.286324203011046,0.201001379792318,0.908879404453418
1913,0.193744005604935,14,0.366133643488307,0.252609862019002,0.194918074268369,0.13759812240279,0.908879404453418
1914,0.362229318278118,14,0.654669152930838,0.469575825557988,0.347741029399562,0.264507559407498,0.908879404453418
1915,0.48659480077704,14,0.738135120550182,0.623754719295221,0.480689270611699,0.329903447821438,0.908879404453418
1916,0.458434983471669,14,0.667176813709532,0.600957719450809,0.467108077652838,0.359620748401044,0.908879404453418
1917,0.00149496729671998,14,0.00233855667435641,0.00185316237314651,0,0,0.908879404453418
1918,0.443558276684717,14,0.576984189025769,0.556507308512663,0.434183478165469,0.35137269629519,0.908879404453418
1919,0.87024357102434,14,1.15153353950439,1.13024863351051,0.799298954283678,0.628494134451435,0.908879404453418
1920,1.37646361482143,14,1.60576878411037,1.77890804537416,1.1285870707691,0.953963141064495,0.908879404453418
1921,1.5216162136836,14,1.68605870372415,1.89146176280876,1.21096667059383,1.04335915762592,0.908879404453418
1922,1.2931730275078,14,1.44967873138988,1.67939997472603,1.09884461243965,0.897861032209844,0.908879404453418
1923,1.58550934556488,14,1.7982382259152,2.03039956939695,1.40761349105781,1.16625118915054,0.908879404453418
1924,1.26636217430374,14,1.29345049947553,1.60425963477732,1.11203856340818,0.897270886406072,0.908879404453418
1925,0.854076937285872,14,0.786934856560201,1.06276781317284,0.703964681559352,0.546629064951883,0.908879404453418
1926,0.460831713069485,14,0.403771151288822,0.595763070159711,0.461824781727544,0.327304763073128,0.908879404453418
1927,0.484969626657036,14,0.390378628367095,0.618424626851431,0.445252677405864,0.328037037766199,0.908879404453418
1928,0.802990831617679,14,0.713828304817731,1.09439589172663,0.803177689995709,0.608526726921528,0.908879404453418
1929,0.775651928958949,14,0.760762013751028,0.913947823625489,0.756511789681026,0.589840338771477,0.908879404453418
1930,1.40586292781082,14,1.42842780596454,1.87651377672843,1.31920876704332,1.08094961912428,0.908879404453418
1931,1.49372467405316,14,1.49313472247431,1.99675802834606,1.44800748365617,1.30950373408026,0.908879404453418
1932,0.501428913644924,14,0.466450617274333,0.640491528524352,0.489491942034622,0.42250175698319,0.908879404453418
1933,0.877014263211298,14,0.84160683518808,1.17230085597396,0.854509983120978,0.713087513430792,0.908879404453418
1934,1.16590430852203,14,1.13805099032765,1.39774642807616,1.2024070122867,1.01986055088281,0.908879404453418
1935,1.07083323392579,14,1.05816621794456,1.31133391047946,1.08483531390124,0.929176588362267,0.908879404453418
1936,1.11757548243725,14,1.08925631919733,1.43547930953302,1.08234375913245,0.926524114796312,0.908879404453418
1937,1.18874592835429,14,1.20462239953809,1.39643668935187,1.14890717047768,0.913130957371463,0.908879404453418
1938,1.12592707964488,13,1.15652994517822,1.3073139501961,1.04950131853796,0.673492646358593,0.894383067714447
1939,1.11505571551708,13,1.14363687696868,1.26391159095569,1.22672244678792,0.930204329575288,0.894383067714447
1940,1.00413044225694,13,1.00339848966618,1.1492615326462,1.10571683648027,0.675631390476699,0.894383067714447
1941,0.817304685329633,13,0.883504343947642,0.998246860038476,0.990217788337902,0.778979703829085,0.894383067714447
1942,0.999985052270957,13,1.02892306693476,1.1903368699419,1.04195081257119,0.920936911163899,0.894383067714447
1943,0.899922645491543,13,1.08001767709249,1.09655202787601,0.832775878854995,0.705952240456799,0.894383067714447
1944,0.430173928177438,13,0.444234572614432,0.481577608928838,0.395013915370504,0.290398296083854,0.894383067714447
1945,0.865953718472135,13,0.946662010172307,0.998480145720394,0.827580687959151,0.567939755918676,0.894383067714447
1946,0.718486029048049,13,0.764229802073151,0.991409651830223,0.822029150222005,0.647457951782089,0.894383067714447
1947,0.505465047194091,13,0.500126918888519,0.743096338294963,0.624239894039774,0.430622036618891,0.894383067714447
1948,0.911886921277776,13,0.850442221368474,0.997109931203048,0.833876953794102,0.562647265613734,0.894383067714447
1949,1.11497367931058,13,1.20821589032139,1.29888119459613,1.10348876989856,0.805008068590751,0.894383067714447
1950,1.23382344607945,13,1.15575734767806,1.55121067227278,1.31197093696421,1.09870311909252,0.894383067714447
1951,0.876395616229813,13,0.939011148825278,1.05134298146914,0.952332686917946,0.763769607114297,0.894383067714447
1952,1.08016005639008,13,1.062480468662,1.35728173511947,1.01562899758738,0.770840720923934,0.894383067714447
1953,0.910509233277368,13,0.883448961581947,1.29636998253064,0.755597963649041,0.742600992518022,0.894383067714447
1954,1.0112767492011,13,1.04688205719196,1.36679736772044,0.792007742890502,0.633924811674502,0.894383067714447
1955,0.972190118196521,13,1.28693144633651,1.42306038377048,1.26478927587826,0.888922322732476,0.894383067714447
1956,0.909103254874243,13,0.908699949037074,1.12591710091143,1.05531091987725,0.893680910655899,0.894383067714447
1957,1.06880176465762,13,1.23867681569817,1.39627633857273,1.17731757769985,1.16041758962509,0.894383067714447
1958,1.07949643561764,13,1.37015470162412,1.45941505784167,1.16819391013713,1.19728203610273,0.894383067714447
1959,0.964570146067389,13,1.10149627917406,1.20889454271547,1.06646336716127,1.05336232214328,0.894383067714447
1960,1.06378821660915,13,1.14630622389976,1.2817226678916,1.18438241979077,1.07276165068383,0.894383067714447
1961,0.428240985724705,13,0.467002175183346,0.560091339872702,0.481437257638069,0.442493135533791,0.894383067714447
1962,0.392843454523216,13,0.464464216748449,0.519888631963124,0.47372183969708,0.409475360186138,0.894383067714447
1963,0.613850540118052,13,0.555904498766272,0.768223375618938,0.809885546562179,0.62722886433539,0.894383067714447
1964,0.893303140059523,13,0.908368801888,1.03291338468257,1.06500982580934,0.90661020278269,0.894383067714447
1965,1.19083203998975,13,1.23788180942392,1.50705775295509,1.30993011746432,1.15733075110101,0.894383067714447
1966,0.987970544130382,13,1.11904792730235,1.34748985157101,1.08631807569581,0.917223559832414,0.894383067714447
1967,1.29442692267472,13,1.48830120110903,1.74747506116671,1.23377902961715,1.16956742484596,0.894383067714447
1968,0.800029526450383,13,0.88404985321119,1.12002053726961,0.936927050054849,0.753424514208406,0.894383067714447
1969,0.718392190850288,13,0.785108486518151,0.990121920572369,0.847870173945918,0.726707016013462,0.894383067714447
1970,0.91366036665588,13,0.940764447043114,1.17489990377281,1.00214375986588,0.876222579123797,0.894383067714447
1971,0.452091141339093,13,0.426925929745112,0.661333737867384,0.593710857348001,0.375222180099807,0.894383067714447
1972,1.35199610662343,13,1.2989058600955,1.76981081564233,1.38457944727894,1.26030864932329,0.894383067714447
1973,1.49720124856003,13,1.50392523353265,1.85740044456261,1.581797480966,1.43399803337917,0.894383067714447
1974,1.29063902625031,13,1.21256205615833,1.68886157977451,1.31680943220652,1.23952313633769,0.894383067714447
1975,1.1227556116674,13,0.990992244911552,1.44050654955132,1.21829623538282,1.18411205449057,0.894383067714447
1976,0.464376927648027,13,0.446154802182998,0.576036111228666,0.577659587942223,0.474165372298769,0.894383067714447
1977,0.832396331761915,13,0.721887301827929,1.18528798604542,0.850028644591672,0.683172480578382,0.894383067714447
1978,1.02549480919283,13,0.922614029125277,1.16312390729239,1.294402107582,1.07597214893837,0.894383067714447
1979,1.20568446396917,13,1.02087581715802,1.59000315891003,1.31747100743443,1.12269149469274,0.894383067714447
1980,1.35173295855916,13,1.05703213784999,1.79051779754639,1.35338468690571,1.18611150125247,0.894383067714447
1981,1.99468788697526,13,1.54466009054531,2.78649856488442,1.75299550025709,1.75259389107364,0.894383067714447
1982,1.03813903042922,13,0.727588213121982,1.3586605234267,1.02260066345178,0.843814670826619,0.894383067714447
1983,1.74310651717105,13,1.22067300190041,2.26587063162141,1.52802290241202,1.44192034054427,0.894383067714447
1984,1.28966223043072,12,0.895523500617615,1.82814873069864,1.28553896871748,1.21135338690676,0.884130487679031
1985,0.391699866389262,12,0.267475158957563,0.593250578640845,0.496231808920252,0.29664738294959,0.884130487679031
1986,1.48672184874218,12,0.956612873101321,1.92524207979291,1.4279409828076,1.25918915660703,0.884130487679031
1987,1.8122704227049,12,1.14093743102521,2.09177166428836,1.73279451274186,1.60929892658564,0.884130487679031
1988,2.02523573268234,12,1.30855857994962,2.26751740610627,2.1684247794263,2.26319302619394,0.884130487679031
1989,2.25206735473543,12,1.34721734727716,2.7098536053559,2.1241595308123,2.41638555829884,0.884130487679031
1990,1.58873539028136,12,0.807689643956806,2.26392174817707,1.65323029005301,1.66467399730862,0.884130487679031
1991,1.95947962646023,12,1.06697880841579,2.49025393522501,1.91718332532642,2.27348731077475,0.884130487679031
1992,2.11412113529911,11,1.20813159651034,3.25981935635637,2.00244416612389,2.33184786212119,0.874786294597018
1993,1.54116809215769,11,0.952480380367804,2.32249833281347,1.56423049299097,1.76244186113009,0.874786294597018
1994,1.6928761949081,11,1.04283196685914,2.55172156314464,1.65475156505936,1.83067375929804,0.874786294597018
1995,1.00956694925563,11,0.660741230288678,1.42505638570466,1.15817830788515,1.08192176038722,0.874786294597018
1996,1.71851600402494,11,1.11358408852555,1.5650781208739,1.63770763646094,1.75609398532448,0.874786294597018
1997,1.37629733893283,11,0.858423517666291,1.79810561154848,1.51700284155473,1.42825790885518,0.874786294597018
1998,1.60229567468398,11,1.11885394235122,2.27447331463675,1.76807381278825,2.06092395984423,0.874786294597018
1999,1.54085083006374,11,1.11873106658845,2.31829475184777,1.701786299657,2.01215415941795,0.874786294597018
2000,0.772448553425001,11,0.501436508241878,1.19798064643345,1.05357022252197,0.778227611869374,0.874786294597018
2001,0.109073821014004,11,0.065993944333454,0.168767139365513,0.16124953490989,0.111387814061793,0.874786294597018
2002,1.2427598858006,11,0.938137780855975,1.78020902156839,1.32115845513673,1.34189947770975,0.874786294597018
2003,1.52110320257259,11,1.09098742802648,2.03497628855137,1.55032002910773,1.67310661729979,0.874786294597018
2004,1.93751196186032,11,1.53392561983464,2.51585506229936,1.93591652945418,2.16491507639386,0.874786294597018
2005,1.87158607025423,11,1.39922657865712,2.51366416644882,1.61675742788225,1.85122038321421,0.874786294597018
2006,1.5362750950026,10,1.1290627909911,2.01411053433821,1.50446255479669,1.62126045699343,0.867410592258279
2007,0.664420021855265,10,0.510432889470483,0.958948952856207,0.872599773674904,0.666865630751443,0.867410592258279
